MY_VARIABLE=my_value_test
ANOTHER_VARIABLE=another_value
IPv4_HOST_IP=127.0.0.1
IPv6_HOST_IP=::1
PORT=2162
OID_COLDSTART=1.3.6.1.6.3.1.1.5.1
OID_SYSDESC=1.3.6.1.2.1.1.1.0
OID_SYSTIMEUP=1.3.6.1.2.1.1.3.0
OID_SETTLEMENT_TYPE=1.3.6.1.4.1.12345.1.1.1.1.1
OID_SETTLEMENT_STATUS=1.3.6.1.4.1.12345.1.1.1.1.2
OID_SETTLEMENT_AMOUNT=1.3.6.1.4.1.12345.1.1.1.1.3
OID_SETTLEMENT_ENTITY=1.3.6.1.4.1.12345.1.1.1.1.4
OID_SETTLEMENT_MID=1.3.6.1.4.1.12345.1.1.1.1.5
OID_SETTLEMENT_DEPOSIT_DATE=1.3.6.1.4.1.12345.1.1.1.1.6
OID_SETTLEMENT_OPEN_DATE=1.3.6.1.4.1.12345.1.1.1.1.7
OID_SETTLEMENT_CLOSE_DATE=1.3.6.1.4.1.12345.1.1.1.1.8
OID_SETTLEMENT_SUBMISSION_DATE=1.3.6.1.4.1.12345.1.1.1.1.9
